1 20.0 1 445729191
2 20.0 1 445729197
3 25.5 2 445729203
4 30.0 3 445729204
5 22.0 4 445729205
1 28.5 5 445729206
2 32.0 1 445729207
3 24.5 2 445729208
4 26.0 3 445729209
5 29.5 4 445729210
1 31.0 5 445729211
2 23.5 1 445729212
3 27.0 2 445729213
4 33.5 3 445729214
5 35.0 4 445729215
1 21.5 5 445729216
2 34.0 1 445729217
3 26.5 2 445729218
4 28.0 3 445729219
5 32.5 4 445729220
1 27.5 1 445729221
2 31.0 2 445729222
3 29.5 3 445729223
4 33.0 4 445729224
5 35.5 5 445729225
1 28.0 1 445729226
2 32.5 2 445729227
3 34.0 3 445729228
4 36.5 4 445729229
5 38.0 5 445729230

