1 12 1 2 445778203,445778207, 2023-09-18 2023-09-28 16.970562748477143 2
2 12 2 3 445778203,445778202, 2023-09-10 2023-09-20 16.970562748477143 2
2 12 1 3 445778203,445778213,445778217, 2023-09-09 2023-09-20 16.970562748477143 2
4 12 1 5 445778203,445778209, 2023-09-10 2023-09-23 16.970562748477143 2
5 12 5 1 445778212, 2023-09-15 2023-09-27 16.970562748477143 2
6 12 3 1 445778220, 2023-09-20 2023-09-30 16.970562748477143 2
7 12 1 3 445778217, 2023-09-16 2023-09-21 16.970562748477143 2
8 12 2 3 445778218, 2023-09-13 2023-09-22 16.970562748477143 2
9 12 4 5 445778228, 2023-09-10 2023-09-25 16.970562748477143 2
10 12 1 5 445778214, 2023-09-20 2023-09-28 16.970562748477143 2
11 12 3 1 445778206, 2023-09-20 2023-09-28 16.970562748477143 2
12 12 2 3 445778213, 2023-09-23 2023-09-30 16.970562748477143 2
13 12 4 3 445778209, 2023-09-08 2023-09-30 16.970562748477143 2
14 12 2 1 445778204, 2023-09-07 2023-09-15 16.970562748477143 2
15 12 5 1 445778207, 2023-09-06 2023-09-20 16.970562748477143 2
16 12 1 2 445778202, 2023-09-21 2023-09-28 16.970562748477143 2
17 12 3 2 445778204, 2023-09-14 2023-09-23 16.970562748477143 2
18 12 4 2 445778203, 2023-09-10 2023-09-20 16.970562748477143 2
19 12 3 5 445778213, 2023-09-13 2023-09-23 16.970562748477143 2
20 12 4 5 445778220, 2023-09-20 2023-09-30 16.970562748477143 2
21 12 5 2 445778214, 2023-09-20 2023-09-30 16.970562748477143 2
22 12 3 4 445778216, 2023-09-17 2023-09-25 16.970562748477143 2
23 12 2 3 445778203, 2023-09-12 2023-09-24 16.970562748477143 2
24 12 5 2 445778206, 2023-09-11 2023-09-23 16.970562748477143 2
25 12 3 2 445779109, 2023-09-13 2023-09-22 16.970562748477143 2
26 10 4 5 445779312,445779109, 2023-09-18 2023-09-28 46.81046891454945 1
