1 1 Messi 80.34243148301397 100.0 500.0 0 2
2 2 Ronaldo 48.239783617144724 100.0 1000.0 0 1
3 1 Neymar 75.0 100.0 450.0 0 2
4 3 Mbappe 60.5 100.0 800.0 0 1
5 4 Lewandowski 82.3 100.0 520.0 0 3
6 5 Salah 50.0 100.0 1100.0 0 1
7 1 Kane 78.9 100.0 480.0 0 4
8 2 Haaland 45.7 100.0 1050.0 0 1
9 3 Griezmann 80.0 100.0 500.0 0 2
10 4 Pogba 52.3 100.0 1020.0 0 1
11 5 Lukaku 79.5 100.0 510.0 0 3
12 1 Sterling 49.8 100.0 1040.0 0 1
13 2 DeBruyne 76.2 100.0 460.0 0 4
14 3 Modric 47.5 100.0 1070.0 0 1
15 4 Vardy 81.0 100.0 530.0 0 2
16 5 Mane 51.0 100.0 1030.0 0 1
17 1 Kante 77.4 100.0 470.0 0 3
18 2 Hazard 46.2 100.0 1060.0 0 1
19 3 Firmino 79.8 100.0 515.0 0 4
20 4 Aguero 53.0 100.0 1010.0 0 1

